% Germany
%1: Rank
%2: Population
germany=[
1	3472009
2	1705872
3	1244676
4	963817
5	652412
6	617955
7	600918
8	588482
9	572638
10	549122
11	536106
12	525763
13	495845
14	481121
15	474443
16	401129
17	383776
18	324067
19	316223
20	293542
21	293072
22	290051
23	277011
24	274162
25	266081
26	266073
27	265379
28	264887
29	262110
30	254130
31	249662
32	247113
33	246586
34	232634
35	225443
36	216854
37	213747
38	213472
39	201789
40	198496
41	189012
42	184627
43	184020
44	180029
45	176513
46	168050
47	167883
48	165973
49	161832
50	149691
51	148870
52	139063
53	138964
54	138268
55	131513
56	130847
57	127946
58	127519
59	127139
60	126965
61	126035
62	125643
63	125608
64	123069
65	122253
66	119669
67	118291
68	117960
69	117842
70	116482
71	115123
72	111541
73	110910
74	109550
75	107799
76	107782
77	107011
78	106095
79	105423
80	105122
81	104921
82	102204
83	101910
84	101450
];
rank_germany = germany(:,1);
size_germany = germany(:,2);

% France
france=[
1	2152329
2	800309
3	415479
4	358598
5	342903
6	252274
7	244514
8	210467
9	208103
10	199528
11	197497
12	195932
13	180611
14	172149
15	167788
16	150815
17	147888
18	146723
19	145439
20	141354
21	136180
22	133469
23	131880
24	129506
25	128549
26	123778
27	119598
28	116851
29	113835
30	112872
31	108358
32	105869
33	105099
34	102722
35	101569
];
rank_france = france(:,1);
size_france = france(:,2);

% USA
usa=[
1	7333253
2	3448613
3	2731743
4	1702086
5	1524249
6	1151977
7	1048949
8	1022830
9	998905
10	992038
11	752279
12	734676
13	702979
14	665070
15	635913
16	617044
17	616884
18	614289
19	579307
20	567094
21	547725
22	520947
23	514013
24	504505
25	493559
26	492901
27	484149
28	463201
29	451814
30	450777
31	443878
32	437797
33	434726
34	433852
35	430295
36	411994
37	396052
38	386551
39	385881
40	374851
41	373964
42	373024
43	368215
44	366926
45	358170
46	354590
47	345033
48	327878
49	322550
50	316480
51	313649
52	312965
53	310236
54	290827
55	286922
56	285523
57	282133
58	275419
59	270308
60	264527
61	262071
62	261644
63	258883
64	258751
65	253649
66	250717
67	241426
68	238585
69	237612
70	236707
71	231170
72	227482
73	226022
74	222633
75	221886
76	204490
77	203076
78	201108
79	196982
80	196167
81	195471
82	194586
83	194467
84	194218
85	194120
86	193965
87	193097
88	192781
89	191060
90	190395
91	189220
92	186470
93	183575
94	183490
95	183359
96	183060
97	181718
98	180577
99	179127
100	178540
101	178481
102	178136
103	176948
104	176357
105	174603
106	171849
107	169311
108	168439
109	165387
110	165036
111	164917
112	162842
113	160325
114	159895
115	157394
116	155128
117	152439
118	152259
119	150639
120	149914
121	149727
122	149255
123	149164
124	147958
125	146229
126	145987
127	145863
128	145029
129	144289
130	143870
131	143439
132	143263
133	142630
134	142625
135	140597
136	139628
137	139311
138	138290
139	138219
140	138164
141	134825
142	134170
143	133716
144	132919
145	129452
146	129292
147	126031
148	125624
149	125225
150	124992
151	124196
152	123676
153	120646
154	119814
155	119604
156	119590
157	119584
158	119505
159	119227
160	119186
161	118122
162	116962
163	116863
164	116785
165	116349
166	115912
167	115590
168	115022
169	114799
170	114256
171	113631
172	113438
173	112904
174	112879
175	112878
176	112313
177	111889
178	111669
179	111484
180	110981
181	110085
182	110034
183	109191
184	109174
185	108908
186	108817
187	108398
188	107199
189	106949
190	106298
191	105938
192	105892
193	105339
194	105092
195	104828
196	104661
197	104101
198	103737
199	103523
200	103464
201	103423
202	103298
203	102708
204	102281
205	101997
206	101163
207	100744
208	100471
209	100415
];
rank_usa = usa(:,1);
size_usa = usa(:,2);
